Timestamp,ChatTitle,RecallContent
2026-02-07 13:39:49,(3),"森林刷题（22:00统一处理消息）" 撤回了一条消息
